HLA_DRB1*03:01	HLA_DRB1*04:03	HLA_DRB1*04:05	HLA_DRB1*04:06	HLA_DRB1*07:01	HLA_DRB1*08:03	HLA_DRB1*09:01	HLA_DRB1*10:01	HLA_DRB1*11:01	HLA_DRB1*12:01	HLA_DRB1*12:02	HLA_DRB1*13:02	HLA_DRB1*14:05	HLA_DRB1*15:01	HLA_DRB1*15:02	HLA_DRB1*16:02	HLA_DQA1*01:01	HLA_DQA1*01:02	HLA_DQA1*01:03	HLA_DQA1*02:01	HLA_DQA1*03:01	HLA_DQA1*05:01	HLA_DQA1*06:01	HLA_DQB1*02:01	HLA_DQB1*03:01	HLA_DQB1*03:02	HLA_DQB1*03:03	HLA_DQB1*04:01	HLA_DQB1*05:01	HLA_DQB1*05:02	HLA_DQB1*05:03	HLA_DQB1*06:01	HLA_DQB1*06:02	HLA_DQB1*06:09	HLA_DPA1*01:03	HLA_DPA1*02:01	HLA_DPA1*02:02	HLA_DPA1*04:01	HLA_DPB1*02:01	HLA_DPB1*02:02	HLA_DPB1*03:01	HLA_DPB1*04:01	HLA_DPB1*04:02	HLA_DPB1*05:01	HLA_DPB1*09:01	HLA_DPB1*13:01	HLA_DPB1*14:01	HLA_DPB1*17:01	HLA_DPB1*19:01	HLA_DPB1*21:01
1	-0.0208169	-0.0520373	-0.0390216	-0.0758549	-0.0598878	-0.101935	-0.028201	-0.0585624	-0.0451507	-0.0701054	-0.0422939	-0.0268195	-0.0790895	-0.0352651	-0.0340697	-0.0690799	-0.100993	-0.0753194	-0.0764196	-0.145851	0.507438	-0.0686647	0.609634	-0.112261	-0.061099	-0.107591	-0.0515477	-0.0524341	-0.0423807	-0.0424964	-0.0756652	-0.0679055	-0.0307946	0.160611	-0.0479883	-0.107547	-0.0240283	-0.0414982	-0.03511	3.65345e-4	0.317046	-0.0271378	-0.0878394	-0.00501082	-0.0327091	-0.0241258	-0.0340754	-0.0142445	-0.023254
-0.0208169	1	-0.0216158	-0.0122949	-0.0301016	-0.0215227	-0.0376028	-0.0127265	-0.0227675	-0.0157549	-0.0276777	-0.0186369	-0.014409	-0.0349205	-0.0202169	-0.0170327	-0.027137	-0.0480456	-0.0220062	-0.0301761	0.144369	-0.0396507	-0.0269101	-0.0358148	-0.0461387	0.341921	-0.028412	-0.0188003	-0.0211132	-0.0264358	-0.00976995	-0.0324999	-0.0276409	-0.012362100000000001	-0.00135977	-0.0179955	-8.86505e-4	-0.00732675	0.00687389	-0.00809998	0.0280633	-0.0187067	-0.00576104	0.0146379	-0.00885603	-0.0123332	-0.00364016	-0.017724	-0.0022479	-0.00896967
-0.0520373	-0.0216158	1	-0.0282695	-0.0713936	-0.056365	-0.0905391	-0.0302582	-0.0569059	-0.0405298	-0.0644862	-0.0390662	-0.0298191	-0.08074	-0.036189	-0.0360549	-0.0788759	-0.103958	-0.058704	-0.0707116	0.351124	-0.101408	-0.0594266	-0.0849857	-0.106061	-0.0217314	-0.0877009	0.878936	-0.0490684	-0.0589388	-0.0451358	-0.0650165	-0.0657159	-0.0278122	-0.0535478	-0.048138	0.0725569	-0.0155205	-0.0329517	-0.0084144	0.0233912	-0.0559811	-0.00873634	0.109186	-0.0197986	-0.0285625	-0.0183192	-0.0416115	0.00229698	-0.0252367
-0.0390216	-0.0122949	-0.0282695	1	-0.0463816	-0.037198	-0.0633389	-0.0226836	-0.0388305	-0.0238227	-0.0423104	-0.0258171	-0.0191636	-0.0542055	-0.0305093	-0.0367754	-0.0600619	-0.0778184	-0.0453973	-0.0464518	0.252808	-0.0698348	-0.0407341	-0.0600098	-0.0736973	0.612377	-0.0632963	-0.0286369	-0.0427499	-0.0511433	-0.0315396	-0.0514193	-0.0402551	-0.0178712	0.0273389	-0.0326047	0.00141041	-0.0140927	0.082332	-0.0141748	-0.0203007	-0.0457311	-0.015817	0.0242262	-0.0163259	-0.0211976	-0.0205259	-0.02384	-0.00189339	-0.0155252
-0.0758549	-0.0301016	-0.0713936	-0.0463816	1	-0.0821671	-0.131616	-0.0315502	-0.06853	-0.0454548	-0.0965186	-0.0360865	-0.0336026	-0.0981335	-0.0426643	-0.0721175	-0.102991	-0.136543	-0.0851618	0.971907	-0.17336	-0.129283	-0.0938733	0.647831	-0.14543	-0.0709272	-0.019105	-0.0619646	-0.0540513	-0.10697	-0.0587458	-0.110193	-0.0564378	-0.0338909	-0.0108418	0.366996	-0.194667	-0.0542006	-0.0509707	-0.0671567	-0.0195587	0.0393738	0.0360631	-0.159905	0.137365	-0.0240459	-0.0180208	0.561407	-0.0217339	-0.0500974
-0.0598878	-0.0215227	-0.056365	-0.037198	-0.0821671	1	-0.0988281	-0.0341971	-0.0592552	-0.0449801	-0.0800593	-0.0473052	-0.030266499999999998	-0.0891396	-0.0433611	-0.0475505	-0.0906341	-0.121943	0.776504	-0.0828636	-0.138852	-0.113974	-0.0499584	-0.100103	-0.112117	-0.0524833	-0.105757	-0.0486768	-0.059694	-0.0752648	-0.0477387	0.701656	-0.0690634	-0.0356515	-0.0855774	-0.0323957	0.0967472	0.0144411	-0.0290008	0.0994464	-0.0218598	-0.0710244	-0.034442	0.041903	-0.023277	0.0312588	-0.00241867	-0.0503385	0.0785965	-0.026702300000000002
-0.101935	-0.0376028	-0.0905391	-0.0633389	-0.131616	-0.0988281	1	-0.0526328	-0.102954	-0.0720702	-0.125115	-0.072152	-0.0614907	-0.153741	-0.0816459	-0.0806512	-0.148823	-0.202745	-0.125658	-0.128365	0.681164	-0.189418	-0.123995	-0.161448	-0.213401	-0.0870807	0.904112	-0.0715336	-0.094508	-0.124622	-0.0843077	-0.137598	-0.123047	-0.0498437	-0.0939451	-0.0566007	0.0953545	0.0904031	-0.00608866	0.00844936	-0.0308395	-0.11866	-0.021958	0.124596	-0.0365782	0.0360706	0.0425264	-0.0767383	5.07588e-4	-0.0436678
-0.028201	-0.0127265	-0.0302582	-0.0226836	-0.0315502	-0.0341971	-0.0526328	1	-0.0303104	-0.0247238	-0.0408555	-0.0197866	-0.0135596	-0.042764	-0.0229402	-0.0245394	0.339793	-0.05767	-0.0305241	-0.0317671	-0.0764861	-0.0548265	-0.0410896	-0.0420753	-0.0645316	-0.0307467	-0.0556767	-0.0305594	0.556442	-0.0373056	-0.0251124	-0.0349147	-0.0299549	-0.0170473	0.0779526	-0.00217311	-0.0688285	1.45153e-4	0.044367	-0.0110314	-0.00722403	0.0474629	0.0327572	-0.0584107	0.0130513	-0.010125	-0.0123008	-0.0223457	-0.00766922	-0.0187912
-0.0585624	-0.0227675	-0.0569059	-0.0388305	-0.06853	-0.0592552	-0.102954	-0.0303104	1	-0.0454857	-0.0811249	-0.0442067	-0.0317443	-0.0891536	-0.0448343	-0.0491316	-0.0834545	-0.120077	-0.074297	-0.069487	-0.144663	0.541147	-0.0798396	-0.089283	0.454513	-0.0535947	-0.0978141	-0.0546568	-0.0529021	-0.0717206	-0.0460395	-0.0830735	-0.0694026	-0.0346253	0.0338394	-0.0211449	-0.0140628	-0.00595592	0.0289389	-0.0106931	0.0311012	-0.0394689	0.0513076	0.00208002	-0.00494792	-0.0151795	0.0221457	-0.042237	-0.011398	-0.0295876
-0.0451507	-0.0157549	-0.0405298	-0.0238227	-0.0454548	-0.0449801	-0.0720702	-0.0247238	-0.0454857	1	-0.0560711	-0.0286744	-0.0223817	-0.0629616	-0.0273755	-0.0376584	-0.0380373	-0.0861854	-0.0513062	-0.0454356	-0.0883176	0.340949	-0.0508383	-0.0631763	0.296222	-0.0263938	-0.0637531	-0.0413893	-0.0368641	-0.0542962	-2.74652e-4	-0.0582371	-0.0480042	-0.0233011	-0.0292321	-0.0267403	0.0517135	-0.00678285	-0.0130002	0.0464711	-9.86738e-4	-0.0393458	2.39427e-4	0.0381683	-0.0133957	-0.0149932	2.58771e-4	-0.0271511	-0.00188012	-0.015385
-0.0701054	-0.0276777	-0.0644862	-0.0423104	-0.0965186	-0.0800593	-0.125115	-0.0408555	-0.0811249	-0.0560711	1	-0.0577436	-0.0418017	-0.11387	-0.0553037	-0.0623396	-0.107246	-0.11812	-0.0996363	-0.0970731	-0.180054	-0.139923	0.9492	-0.116094	0.557179	-0.0704569	-0.130148	-0.0637756	-0.0707796	-0.0377558	-0.0632524	-0.104038	-0.0937943	-0.0402847	0.00574062	-0.0520624	0.0138633	0.0190262	-0.0568032	0.00943384	0.0302007	-0.0881993	-0.0378871	0.0325344	-0.0307838	-0.0116629	-0.0169612	-0.0583388	0.0191643	0.351133
-0.0422939	-0.0186369	-0.0390662	-0.0258171	-0.0360865	-0.0473052	-0.072152	-0.0197866	-0.0442067	-0.0286744	-0.0577436	1	-0.0225571	-0.0620167	-0.0318217	-0.0380914	-0.0602451	0.336708	-0.0498158	-0.0362915	-0.0939411	-0.077087	-0.0557128	-0.0532791	-0.0896362	-0.039515	-0.0709736	-0.0372108	-0.031274	-0.0574726	-0.0355874	-0.0619097	-0.0406562	0.745125	0.104681	0.0129185	-0.0981755	-0.0303049	0.0298792	-0.027867	0.0385617	0.116707	-0.00619124	-0.0877323	0.0666133	-0.0143859	-0.0106834	-0.0159129	-0.0167692	-0.0250013
-0.0268195	-0.014409	-0.0298191	-0.0191636	-0.0336026	-0.030266499999999998	-0.0614907	-0.0135596	-0.0317443	-0.0223817	-0.0418017	-0.0225571	1	-0.047268	-0.0248642	-0.0264611	0.356685	-0.0630692	-0.0376536	-0.034138	-0.0741024	-0.0580864	-0.0405978	-0.0433766	-0.0695151	-0.0328772	-0.0510878	-0.028496	-0.0248023	-0.0335526	0.60192	-0.0451181	-0.0331093	-0.0164124	-0.0246768	-0.0148394	0.0404135	-0.00987157	-0.00385436	0.0186824	0.0046289	-0.0294044	-0.0146199	0.0349359	-0.0095009	-0.020935	0.00947349	-0.0203478	-0.00429614	-0.0120953
-0.0790895	-0.0349205	-0.08074	-0.0542055	-0.0981335	-0.0891396	-0.153741	-0.042764	-0.0891536	-0.0629616	-0.11387	-0.0620167	-0.047268	1	-0.0608525	-0.0662061	-0.126239	0.718136	-0.104525	-0.0985408	-0.220046	-0.134264	-0.111949	-0.123271	-0.165765	-0.089451	-0.161559	-0.0825968	-0.0754276	-0.00490284	-0.0399653	0.187016	0.727297	-0.0468871	-0.0298934	-0.0473732	0.0685179	-0.0230776	0.126813	0.005772	-0.0246826	-0.0334678	-0.0264658	-0.0146603	-0.0271174	-0.0111683	0.00321262	-0.0549691	-0.0138831	-0.0410335
-0.0352651	-0.0202169	-0.036189	-0.0305093	-0.0426643	-0.0433611	-0.0816459	-0.0229402	-0.0448343	-0.0273755	-0.0553037	-0.0318217	-0.0248642	-0.0608525	1	-0.0249542	0.167348	-0.044894	0.256132	-0.0431799	-0.115059	-0.0739404	-0.0546188	-0.0539962	-0.0895429	-0.0472987	-0.0876754	-0.0374722	0.192393	0.060264	-0.0315128	0.230801	-0.0193592	-0.0224192	0.0149392	0.0487697	-0.0411705	-0.00988133	-0.0384133	-0.0131343	0.00884655	0.133299	-0.0173962	-0.0824049	-0.0165469	0.103902	-0.00482411	-0.0261497	0.0357698	-0.0149081
-0.0340697	-0.0170327	-0.0360549	-0.0367754	-0.0721175	-0.0475505	-0.0806512	-0.0245394	-0.0491316	-0.0376584	-0.0623396	-0.0380914	-0.0264611	-0.0662061	-0.0249542	1	-0.0544222	0.407607	-0.0652275	-0.0725033	-0.117682	-0.0825928	-0.0630725	-0.075188	-0.105138	-0.0512476	-0.0883402	-0.0386986	-0.041891	0.656888	-0.0360096	-0.0536578	-0.0663305	-0.0262956	-0.0797155	-0.026129	0.0976519	0.00283179	-0.0409685	0.0436149	0.00592833	-0.0580284	-0.0393331	0.0735952	-0.0227408	-0.0015093	0.0434086	-0.0466594	-0.0125634	-0.00705706
-0.0690799	-0.027137	-0.0788759	-0.0600619	-0.102991	-0.0906341	-0.148823	0.339793	-0.0834545	-0.0380373	-0.107246	-0.0602451	0.356685	-0.126239	0.167348	-0.0544222	1	-0.160346	-0.110608	-0.103877	-0.224884	-0.15591	-0.108792	-0.126722	-0.18183	-0.0936129	-0.162345	-0.0801001	0.607605	0.233727	0.538287	-0.118663	-0.100067	-0.045094	0.0346705	0.0236834	-0.033664	-0.0281136	-0.0153401	0.0115105	0.0114561	0.0359806	0.0387242	-0.0347784	0.0140746	0.0526996	-0.00533308	-0.0657164	-0.0186679	-0.0288944
-0.100993	-0.0480456	-0.103958	-0.0778184	-0.136543	-0.121943	-0.202745	-0.05767	-0.120077	-0.0861854	-0.11812	0.336708	-0.0630692	0.718136	-0.044894	0.407607	-0.160346	1	-0.15188	-0.137154	-0.294788	-0.20864	-0.153695	-0.166019	-0.252428	-0.121046	-0.21628	-0.107683	-0.0993286	0.359028	-0.061751	0.0913566	0.568371	0.264296	-0.0107216	-0.0501584	0.055162	-0.0262721	0.0875631	0.0169094	0.0141382	-0.00443293	-0.0470196	-0.0197988	-0.00931343	-0.0112116	0.0184839	-0.0771264	-0.0262442	-0.0239327
-0.0753194	-0.0220062	-0.058704	-0.0453973	-0.0851618	0.776504	-0.125658	-0.0305241	-0.074297	-0.0513062	-0.0996363	-0.0498158	-0.0376536	-0.104525	0.256132	-0.0652275	-0.110608	-0.15188	1	-0.0871516	-0.183072	-0.139788	-0.0999365	-0.114005	-0.161669	-0.0728901	-0.132608	-0.0672542	-0.0666884	-0.101832	-0.0590868	0.75302500000000006	-0.0778713	-0.0440108	-0.0372163	-0.0373898	0.0519329	0.00677131	-0.0361928	0.0653188	-0.0278268	0.040996199999999997	-0.022758	-0.00969576	-0.0166783	0.0273702	-0.0165031	-0.0501698	0.0941147	-0.0366177
-0.0764196	-0.0301761	-0.0707116	-0.0464518	0.971907	-0.0828636	-0.128365	-0.0317671	-0.069487	-0.0454356	-0.0970731	-0.0362915	-0.034138	-0.0985408	-0.0431799	-0.0725033	-0.103877	-0.137154	-0.0871516	1	-0.186482	-0.130721	-0.0941757	0.667301	-0.146496	-0.0731928	-0.0253133	-0.0692642	-0.0542515	-0.10725	-0.0597069	-0.111603	-0.0566045	-0.0341235	-0.0109489	0.377964	-0.200395	-0.0555514	-0.0521726	-0.0697927	-0.0204954	0.0399711	0.0353889	-0.164635	0.151102	-0.0241939	-0.0203964	0.575386	-0.0200748	-0.0504581
-0.145851	0.144369	0.351124	0.252808	-0.17336	-0.138852	0.681164	-0.0764861	-0.144663	-0.0883176	-0.180054	-0.0939411	-0.0741024	-0.220046	-0.115059	-0.117682	-0.224884	-0.294788	-0.183072	-0.186482	1	-0.279086	-0.181616	-0.232815	-0.265913	0.393396	0.656975	0.363892	-0.138206	-0.182695	-0.127549	-0.202986	-0.172261	-0.072575	-0.0746524	-0.0975258	0.103317	0.048224	0.0241632	-0.016599	-0.0145769	-0.134703	0.00497239	0.154819	-0.0522271	-0.00659493	0.015322	-0.107818	-0.00548759	-0.066219
0.507438	-0.0396507	-0.101408	-0.0698348	-0.129283	-0.113974	-0.189418	-0.0548265	0.541147	0.340949	-0.139923	-0.077087	-0.0580864	-0.134264	-0.0739404	-0.0825928	-0.15591	-0.20864	-0.139788	-0.130721	-0.279086	1	-0.140187	0.252898	0.523755	-0.10641	-0.198637	-0.102637	-0.0945339	-0.122819	-0.0948108	-0.151524	-0.123434	-0.059846	0.105766	-0.0608405	-0.059623	0.0177395	-0.0102838	-0.00763859	0.0166744	0.144945	0.0257925	-0.0396245	-0.0142008	-0.0151044	-2.33313e-5	-0.0693925	-0.0202153	-0.0458779
-0.0686647	-0.0269101	-0.0594266	-0.0407341	-0.0938733	-0.0499584	-0.123995	-0.0410896	-0.0798396	-0.0508383	0.9492	-0.0557128	-0.0405978	-0.111949	-0.0546188	-0.0630725	-0.108792	-0.153695	-0.0999365	-0.0941757	-0.181616	-0.140187	1	-0.113622	0.591579	-0.0703141	-0.131212	-0.0646196	-0.0714547	-0.0881568	-0.0633796	-0.106257	-0.0930646	-0.0389364	4.70763e-8	-0.0439729	0.017264	0.0158455	-0.0476624	0.00605595	0.0174627	-0.086376	-0.03533	0.036515	-0.0286986	-0.0140204	-0.00772181	-0.0558598	0.0190765	0.317535
0.609634	-0.0358148	-0.0849857	-0.0600098	0.647831	-0.100103	-0.161448	-0.0420753	-0.089283	-0.0631763	-0.116094	-0.0532791	-0.0433766	-0.123271	-0.0539962	-0.075188	-0.126722	-0.166019	-0.114005	0.667301	-0.232815	0.252898	-0.113622	1	-0.186556	-0.0937807	-0.171898	-0.0865225	-0.0744424	-0.111381	-0.0731982	-0.131144	-0.0866069	-0.0440251	0.100776	0.243779	-0.21994	-0.0561476	-0.062923	-0.0755714	-0.0108858	0.243302	0.00107453	-0.181934	0.0447651	-0.0618357	-0.0304526	0.466479	-0.0241285	-0.0513474
-0.112261	-0.0461387	-0.106061	-0.0736973	-0.14543	-0.112117	-0.213401	-0.0645316	0.454513	0.296222	0.557179	-0.0896362	-0.0695151	-0.165765	-0.0895429	-0.105138	-0.18183	-0.252428	-0.161669	-0.146496	-0.265913	0.523755	0.591579	-0.186556	1	-0.124508	-0.233555	-0.115723	-0.110128	-0.152514	-0.110179	-0.17878	-0.144922	-0.0674245	0.0235033	-0.0632664	0.0057915	0.0367524	-0.0223663	0.0130993	0.029429	-0.0804804	0.0207681	0.0281844	-0.0292239	-0.00961041	0.00636238	-0.085096	0.00113203	0.187441
-0.061099	0.341921	-0.0217314	0.612377	-0.0709272	-0.0524833	-0.0870807	-0.0307467	-0.0535947	-0.0263938	-0.0704569	-0.039515	-0.0328772	-0.089451	-0.0472987	-0.0512476	-0.0936129	-0.121046	-0.0728901	-0.0731928	0.393396	-0.10641	-0.0703141	-0.0937807	-0.124508	1	-0.107537	-0.0537233	-0.0601757	-0.0764013	-0.0525084	-0.0816335	-0.0688548	-0.028754	0.0247221	-0.042877	-0.00384929	-0.0219778	0.0960121	-0.0280395	-0.0101646	-0.0486408	0.0191872	0.0110555	-0.0156557	-0.0290091	-0.0205388	-0.0421481	-0.00700644	-0.0259427
-0.107591	-0.028412	-0.0877009	-0.0632963	-0.019105	-0.105757	0.904112	-0.0556767	-0.0978141	-0.0637531	-0.130148	-0.0709736	-0.0510878	-0.161559	-0.0876754	-0.0883402	-0.162345	-0.21628	-0.132608	-0.0253133	0.656975	-0.198637	-0.131212	-0.171898	-0.233555	-0.107537	1	-0.0968227	-0.100735	-0.137561	-0.0945842	-0.1503	-0.126958	-0.0530556	-0.0873624	-0.0225291	0.0727929	0.0793741	-0.0105368	0.00212365	-0.0397795	-0.109195	-0.0066309	0.10711	0.0252097	0.0482575	0.0370859	-0.0795231	-0.00243737	-0.0499564
-0.0515477	-0.0188003	0.878936	-0.0286369	-0.0619646	-0.0486768	-0.0715336	-0.0305594	-0.0546568	-0.0413893	-0.0637756	-0.0372108	-0.028496	-0.0825968	-0.0374722	-0.0386986	-0.0801001	-0.107683	-0.0672542	-0.0692642	0.363892	-0.102637	-0.0646196	-0.0865225	-0.115723	-0.0537233	-0.0968227	1	-0.0492796	-0.062827	-0.0439368	-0.0746277	-0.0660601	-0.0295223	-0.0649041	-0.045834	0.0814632	-0.016803	-0.0395554	-0.0112394	0.023133	-0.0592795	-0.0132177	0.11874	-0.019076	-0.0304488	-0.0149014	-0.0398456	4.24243e-4	-0.0243514
-0.0524341	-0.0211132	-0.0490684	-0.0427499	-0.0540513	-0.059694	-0.094508	0.556442	-0.0529021	-0.0368641	-0.0707796	-0.031274	-0.0248023	-0.0754276	0.192393	-0.041891	0.607605	-0.0993286	-0.0666884	-0.0542515	-0.138206	-0.0945339	-0.0714547	-0.0744424	-0.110128	-0.0601757	-0.100735	-0.0492796	1	-0.0644275	-0.0430647	-0.0790851	-0.0538033	-0.0250884	0.111437	0.0524914	-0.123406	-0.0315908	0.0122569	-0.039151	-0.0182858	0.121286	0.0719269	-0.109166	0.0535415	0.0686639	-0.0176172	-0.0355066	-0.014783	-0.0253273
-0.0423807	-0.0264358	-0.0589388	-0.0511433	-0.10697	-0.0752648	-0.124622	-0.0373056	-0.0717206	-0.0542962	-0.0377558	-0.0574726	-0.0335526	-0.00490284	0.060264	0.656888	0.233727	0.359028	-0.101832	-0.10725	-0.182695	-0.122819	-0.0881568	-0.111381	-0.152514	-0.0764013	-0.137561	-0.062827	-0.0644275	1	-0.0573051	-0.0887868	-0.101326	-0.0385295	-0.0630135	-0.0394803	0.088514	0.00385008	-0.038588	0.0619108	0.0377533	-0.0736748	-0.0512428	0.0662052	-0.0351571	0.00532147	0.0342079	-0.0679664	-0.017371	0.0262887
-0.0424964	-0.00976995	-0.0451358	-0.0315396	-0.0587458	-0.0477387	-0.0843077	-0.0251124	-0.0460395	-2.74652e-4	-0.0632524	-0.0355874	0.60192	-0.0399653	-0.0315128	-0.0360096	0.538287	-0.061751	-0.0590868	-0.0597069	-0.127549	-0.0948108	-0.0633796	-0.0731982	-0.110179	-0.0525084	-0.0945842	-0.0439368	-0.0430647	-0.0573051	1	-0.0678064	-0.0560202	-0.0285895	-0.0334546	-0.00156361	0.0384673	-0.0165626	-0.0168154	0.0230965	0.0072296	-0.0356806	0.00532531	0.0292029	-0.0170695	0.0149083	0.00215899	-0.0353212	-0.00898943	-0.020051
-0.0756652	-0.0324999	-0.0650165	-0.0514193	-0.110193	0.701656	-0.137598	-0.0349147	-0.0830735	-0.0582371	-0.104038	-0.0619097	-0.0451181	0.187016	0.230801	-0.0536578	-0.118663	0.0913566	0.75302500000000006	-0.111603	-0.202986	-0.151524	-0.106257	-0.131144	-0.17878	-0.0816335	-0.1503	-0.0746277	-0.0790851	-0.0887868	-0.0678064	1	-0.0991488	-0.0496706	-0.0689148	-0.0515588	0.0872796	0.0247148	-0.0280496	0.0954048	-0.0279085	-0.0102524	-0.0493661	0.0219861	-0.0330445	0.0264289	-0.00278383	-0.0660104	0.0909912	-0.0299089
-0.0679055	-0.0276409	-0.0657159	-0.0402551	-0.0564378	-0.0690634	-0.123047	-0.0299549	-0.0694026	-0.0480042	-0.0937943	-0.0406562	-0.0331093	0.727297	-0.0193592	-0.0663305	-0.100067	0.568371	-0.0778713	-0.0566045	-0.172261	-0.123434	-0.0930646	-0.0866069	-0.144922	-0.0688548	-0.126958	-0.0660601	-0.0538033	-0.101326	-0.0560202	-0.0991488	1	-0.0340631	-0.00538069	-0.03582	0.0448223	-0.0367094	0.135	-0.0326133	-0.015506	0.0113517	0.00220228	-0.0398437	-0.0160602	-0.0371422	-0.0129235	-0.029013	-0.0195944	-0.0443184
-0.0307946	-0.012362100000000001	-0.0278122	-0.0178712	-0.0338909	-0.0356515	-0.0498437	-0.0170473	-0.0346253	-0.0233011	-0.0402847	0.745125	-0.0164124	-0.0468871	-0.0224192	-0.0262956	-0.045094	0.264296	-0.0440108	-0.0341235	-0.072575	-0.059846	-0.0389364	-0.0440251	-0.0674245	-0.028754	-0.0530556	-0.0295223	-0.0250884	-0.0385295	-0.0285895	-0.0496706	-0.0340631	1	0.0636315	0.0234099	-0.069706099999999993	-0.0208706	0.0506857	-0.0189558	0.0544931	0.0202961	-0.0132569	-0.063456	0.0838412	-0.00529438	-0.00301919	-0.0147144	-0.0112306	-0.0157773
0.160611	-0.00135977	-0.0535478	0.0273389	-0.0108418	-0.0855774	-0.0939451	0.0779526	0.0338394	-0.0292321	0.00574062	0.104681	-0.0246768	-0.0298934	0.0149392	-0.0797155	0.0346705	-0.0107216	-0.0372163	-0.0109489	-0.0746524	0.105766	4.70763e-8	0.100776	0.0235033	0.0247221	-0.0873624	-0.0649041	0.111437	-0.0630135	-0.0334546	-0.0689148	-0.00538069	0.0636315	1	-0.252521	-0.714554	-0.132693	0.431594	-0.187972	0.175004	0.41675	0.27275	-0.546156	-0.0780735	-0.186596	-0.114151	-0.126539	-0.0738731	0.164464
-0.0479883	-0.0179955	-0.048138	-0.0326047	0.366996	-0.0323957	-0.0566007	-0.00217311	-0.0211449	-0.0267403	-0.0520624	0.0129185	-0.0148394	-0.0473732	0.0487697	-0.026129	0.0236834	-0.0501584	-0.0373898	0.377964	-0.0975258	-0.0608405	-0.0439729	0.243779	-0.0632664	-0.042877	-0.0225291	-0.045834	0.0524914	-0.0394803	-0.00156361	-0.0515588	-0.03582	0.0234099	-0.252521	1	-0.313726	-0.0624667	-0.150797	-0.0838083	-0.0567138	-0.106651	-0.0708258	-0.194042	0.302752	0.164418	0.417554	0.50875	0.0292245	-0.0520124
-0.107547	-8.86505e-4	0.0725569	0.00141041	-0.194667	0.0967472	0.0953545	-0.0688285	-0.0140628	0.0517135	0.0138633	-0.0981755	0.0404135	0.0685179	-0.0411705	0.0976519	-0.033664	0.055162	0.0519329	-0.200395	0.103317	-0.059623	0.017264	-0.21994	0.0057915	-0.00384929	0.0727929	0.0814632	-0.123406	0.088514	0.0384673	0.0872796	0.0448223	-0.069706099999999993	-0.714554	-0.313726	1	-0.1378	-0.279007	0.236836	-0.116151	-0.296171	-0.194079	0.655373	-0.100387	-0.118864	-0.134504	-0.17949	0.0478343	-0.114742
-0.0240283	-0.00732675	-0.0155205	-0.0140927	-0.0542006	0.0144411	0.0904031	1.45153e-4	-0.00595592	-0.00678285	0.0190262	-0.0303049	-0.00987157	-0.0230776	-0.00988133	0.00283179	-0.0281136	-0.0262721	0.00677131	-0.0555514	0.048224	0.0177395	0.0158455	-0.0561476	0.0367524	-0.0219778	0.0793741	-0.016803	-0.0315908	0.00385008	-0.0165626	0.0247148	-0.0367094	-0.0208706	-0.132693	-0.0624667	-0.1378	1	-0.079432	-0.0367583	-0.0343911	-0.064027	-0.0406806	-0.116563	-0.0237621	0.635914	-0.0259587	-0.0380726	-0.014907	-0.0130378
-0.0414982	0.00687389	-0.0329517	0.082332	-0.0509707	-0.0290008	-0.00608866	0.044367	0.0289389	-0.0130002	-0.0568032	0.0298792	-0.00385436	0.126813	-0.0384133	-0.0409685	-0.0153401	0.0875631	-0.0361928	-0.0521726	0.0241632	-0.0102838	-0.0476624	-0.062923	-0.0223663	0.0960121	-0.0105368	-0.0395554	0.0122569	-0.038588	-0.0168154	-0.0280496	0.135	0.0506857	0.431594	-0.150797	-0.279007	-0.079432	1	-0.128739	-0.101487	-0.157349	-0.0990394	-0.367545	-0.0490377	-0.12115	-0.0772725	-0.0759038	-0.0464978	-0.0763251
-0.03511	-0.00809998	-0.0084144	-0.0141748	-0.0671567	0.0994464	0.00844936	-0.0110314	-0.0106931	0.0464711	0.00943384	-0.027867	0.0186824	0.005772	-0.0131343	0.0436149	0.0115105	0.0169094	0.0653188	-0.0697927	-0.016599	-0.00763859	0.00605595	-0.0755714	0.0130993	-0.0280395	0.00212365	-0.0112394	-0.039151	0.0619108	0.0230965	0.0954048	-0.0326133	-0.0189558	-0.187972	-0.0838083	0.236836	-0.0367583	-0.128739	1	-0.0550557	-0.0951224	-0.0703167	-0.18592	-0.029209100000000002	-0.0546792	-0.0425778	-0.056004	-0.0269177	-0.0308363
3.65345e-4	0.0280633	0.0233912	-0.0203007	-0.0195587	-0.0218598	-0.0308395	-0.00722403	0.0311012	-9.86738e-4	0.0302007	0.0385617	0.0046289	-0.0246826	0.00884655	0.00592833	0.0114561	0.0141382	-0.0278268	-0.0204954	-0.0145769	0.0166744	0.0174627	-0.0108858	0.029429	-0.0101646	-0.0397795	0.023133	-0.0182858	0.0377533	0.0072296	-0.0279085	-0.015506	0.0544931	0.175004	-0.0567138	-0.116151	-0.0343911	-0.101487	-0.0550557	1	-0.0715588	-0.0489788	-0.162415	-0.0237885	-0.0497479	-0.0343841	-0.0416225	-0.0125743	-0.0274586
0.317046	-0.0187067	-0.0559811	-0.0457311	0.0393738	-0.0710244	-0.11866	0.0474629	-0.0394689	-0.0393458	-0.0881993	0.116707	-0.0294044	-0.0334678	0.133299	-0.0580284	0.0359806	-0.00443293	0.040996199999999997	0.0399711	-0.134703	0.144945	-0.086376	0.243302	-0.0804804	-0.0486408	-0.109195	-0.0592795	0.121286	-0.0736748	-0.0356806	-0.0102524	0.0113517	0.0202961	0.41675	-0.106651	-0.296171	-0.064027	-0.157349	-0.0951224	-0.0715588	1	-0.0663329	-0.273472	-0.0315913	-0.0882908	-0.0586955	-0.0515383	-0.034293	-0.0554725
-0.0271378	-0.00576104	-0.00873634	-0.015817	0.0360631	-0.034442	-0.021958	0.0327572	0.0513076	2.39427e-4	-0.0378871	-0.00619124	-0.0146199	-0.0264658	-0.0173962	-0.0393331	0.0387242	-0.0470196	-0.022758	0.0353889	0.00497239	0.0257925	-0.03533	0.00107453	0.0207681	0.0191872	-0.0066309	-0.0132177	0.0719269	-0.0512428	0.00532531	-0.0493661	0.00220228	-0.0132569	0.27275	-0.0708258	-0.194079	-0.0406806	-0.0990394	-0.0703167	-0.0489788	-0.0663329	1	-0.183434	-0.0205398	-0.059666	-0.0416124	-0.0290771	-0.0228597	-0.0350483
-0.0878394	0.0146379	0.109186	0.0242262	-0.159905	0.041903	0.124596	-0.0584107	0.00208002	0.0381683	0.0325344	-0.0877323	0.0349359	-0.0146603	-0.0824049	0.0735952	-0.0347784	-0.0197988	-0.00969576	-0.164635	0.154819	-0.0396245	0.036515	-0.181934	0.0281844	0.0110555	0.10711	0.11874	-0.109166	0.0662052	0.0292029	0.0219861	-0.0398437	-0.063456	-0.546156	-0.194042	0.655373	-0.116563	-0.367545	-0.18592	-0.162415	-0.273472	-0.183434	1	-0.0848008	-0.180196	-0.127777	-0.150984	-0.0688203	-0.0990677
-0.00501082	-0.00885603	-0.0197986	-0.0163259	0.137365	-0.023277	-0.0365782	0.0130513	-0.00494792	-0.0133957	-0.0307838	0.0666133	-0.0095009	-0.0271174	-0.0165469	-0.0227408	0.0140746	-0.00931343	-0.0166783	0.151102	-0.0522271	-0.0142008	-0.0286986	0.0447651	-0.0292239	-0.0156557	0.0252097	-0.019076	0.0535415	-0.0351571	-0.0170695	-0.0330445	-0.0160602	0.0838412	-0.0780735	0.302752	-0.100387	-0.0237621	-0.0490377	-0.029209100000000002	-0.0237885	-0.0315913	-0.0205398	-0.0848008	1	-0.0302431	-0.0228058	-0.0161814	-0.0137057	-0.0186205
-0.0327091	-0.0123332	-0.0285625	-0.0211976	-0.0240459	0.0312588	0.0360706	-0.010125	-0.0151795	-0.0149932	-0.0116629	-0.0143859	-0.020935	-0.0111683	0.103902	-0.0015093	0.0526996	-0.0112116	0.0273702	-0.0241939	-0.00659493	-0.0151044	-0.0140204	-0.0618357	-0.00961041	-0.0290091	0.0482575	-0.0304488	0.0686639	0.00532147	0.0149083	0.0264289	-0.0371422	-0.00529438	-0.186596	0.164418	-0.118864	0.635914	-0.12115	-0.0546792	-0.0497479	-0.0882908	-0.059666	-0.180196	-0.0302431	1	-0.0373338	-0.0555124	-0.0230393	-0.0236414
-0.0241258	-0.00364016	-0.0183192	-0.0205259	-0.0180208	-0.00241867	0.0425264	-0.0123008	0.0221457	2.58771e-4	-0.0169612	-0.0106834	0.00947349	0.00321262	-0.00482411	0.0434086	-0.00533308	0.0184839	-0.0165031	-0.0203964	0.015322	-2.33313e-5	-0.00772181	-0.0304526	0.00636238	-0.0205388	0.0370859	-0.0149014	-0.0176172	0.0342079	0.00215899	-0.00278383	-0.0129235	-0.00301919	-0.114151	0.417554	-0.134504	-0.0259587	-0.0772725	-0.0425778	-0.0343841	-0.0586955	-0.0416124	-0.127777	-0.0228058	-0.0373338	1	-0.0321795	-0.0168831	-0.0212895
-0.0340754	-0.017724	-0.0416115	-0.02384	0.561407	-0.0503385	-0.0767383	-0.0223457	-0.042237	-0.0271511	-0.0583388	-0.0159129	-0.0203478	-0.0549691	-0.0261497	-0.0466594	-0.0657164	-0.0771264	-0.0501698	0.575386	-0.107818	-0.0693925	-0.0558598	0.466479	-0.085096	-0.0421481	-0.0795231	-0.0398456	-0.0355066	-0.0679664	-0.0353212	-0.0660104	-0.029013	-0.0147144	-0.126539	0.50875	-0.17949	-0.0380726	-0.0759038	-0.056004	-0.0416225	-0.0515383	-0.0290771	-0.150984	-0.0161814	-0.0555124	-0.0321795	1	-0.0214748	-0.0363769
-0.0142445	-0.0022479	0.00229698	-0.00189339	-0.0217339	0.0785965	5.07588e-4	-0.00766922	-0.011398	-0.00188012	0.0191643	-0.0167692	-0.00429614	-0.0138831	0.0357698	-0.0125634	-0.0186679	-0.0262442	0.0941147	-0.0200748	-0.00548759	-0.0202153	0.0190765	-0.0241285	0.00113203	-0.00700644	-0.00243737	4.24243e-4	-0.014783	-0.017371	-0.00898943	0.0909912	-0.0195944	-0.0112306	-0.0738731	0.0292245	0.0478343	-0.014907	-0.0464978	-0.0269177	-0.0125743	-0.034293	-0.0228597	-0.0688203	-0.0137057	-0.0230393	-0.0168831	-0.0214748	1	-0.010056
-0.023254	-0.00896967	-0.0252367	-0.0155252	-0.0500974	-0.026702300000000002	-0.0436678	-0.0187912	-0.0295876	-0.015385	0.351133	-0.0250013	-0.0120953	-0.0410335	-0.0149081	-0.00705706	-0.0288944	-0.0239327	-0.0366177	-0.0504581	-0.066219	-0.0458779	0.317535	-0.0513474	0.187441	-0.0259427	-0.0499564	-0.0243514	-0.0253273	0.0262887	-0.020051	-0.0299089	-0.0443184	-0.0157773	0.164464	-0.0520124	-0.114742	-0.0130378	-0.0763251	-0.0308363	-0.0274586	-0.0554725	-0.0350483	-0.0990677	-0.0186205	-0.0236414	-0.0212895	-0.0363769	-0.010056	1
