G*01:01:01	G*01:04:04	G*01:01:02	G*01:01:03	G*01:05N	G*01:06:01	G*01:03:01	G*01:01:23	G*01:04:01	G*01:01:22	G*01:01:17	H*02:03:02	H*01:01:01	H*01:02:01	H*02:01:01	H*02:04:01	H*02:07:01	H*02:05:01	H*02:02:01	H*02:09	H*01:03:01	H*01:01:02	H*02:12	A*03:01:01	A*24:02:01	A*23:01:01	A*02:01:01	A*11:01:01	A*01:01:01	A*01:01:03	A*29:02:01	A*32:01:01	A*25:01:01	A*31:71	A*26:01:01	A*68:01:02	A*68:01:24	A*02:05:01	A*31:135	A*31:01:02	A*68:01:01	A*68:02:01	A*02:01:18	A*02:06:09	C*07:02:01	C*05:01:01	C*07:01:01	C*04:01:01	C*08:02:01	C*03:04:01	C*06:02:01	C*16:01:01	C*01:02:01	C*02:02:02	C*15:02:01	C*03:03:01	C*03:535	C*12:03:01	C*07:04:01	C*14:02:01	C*04:328:02	B*07:02:01	B*35:01:01	B*08:01:01	B*15:01:01	B*40:01:02	B*14:02:01	B*55:01:01	B*39:06:02	B*51:01:01	B*44:03:01	B*50:01:01	B*13:02:01	B*44:02:01	B*27:05:02	B*38:01:01	B*40:02:01	B*39:01:01	B*57:01:01	B*18:01:01	B*37:01:01	B*58:01:01	B*35:03:01	B*45:01:01	B*14:01:01	B*49:01:01	DRB1*04:04:01	DRB1*15:01:01	DRB1*01:03:01	DRB1*11:01:01	DRB1*07:01:01	DRB1*04:01:01	DRB1*13:03:01	DRB1*11:04:01	DRB1*03:147	DRB1*01:01:01	DRB1*03:01:01	DRB1*01:120	DRB1*13:02:01	DRB1*13:01:01	DRB1*09:01:02	DRB1*14:54:01	DRB1*12:01:01	DRB1*04:08:01	DRB1*08:01:01	DRB1*01:02:01	DRB1*10:01:01	DRB1*04:05:01	DRB1*04:07:01	DRB1*08:77	DQA1*05:01:01	DQA1*01:02:01	DQA1*01:01:01	DQA1*05:05:01	DQA1*02:01:01	DQA1*05:21	DQA1*01:03:01	DQA1*01:04:01	DQA1*01:46	DQA1*01:02:02	DQA1*01:01:02	DQA1*04:01:01	DQA1*03:01:01	DQA1*03:03:01	DQB1*03:02:01	DQB1*06:02:01	DQB1*05:01:01	DQB1*06:04:01	DQB1*02:01:01	DQB1*06:03:01	DQB1*02:02:03	DQB1*03:01:01	DQB1*03:03:02	DQB1*06:47	DQB1*05:163	DQB1*02:01:08	DQB1*02:02:01	DQB1*06:293	DQB1*03:96	DQB1*05:03:01	DQB1*05:226	DQB1*06:376	DQB1*06:44	DQB1*06:09:01	DQB1*03:251	DQB1*05:02:01	DQB1*03:22:01	DQB1*04:02:01	DQB1*02:80	DQB1*02:59	DPB1*02:01:02	DPB1*04:01:01	DPB1*01:01:01	DPB1*04:02:01	DPB1*10:01:01	DPB1*06:01:01	DPB1*03:01:01	DPB1*104:01:01	DPB1*17:01:01	DPB1*05:01:01	DPB1*09:01:01	DPB1*15:01:01	DPB1*20:01:01	DPB1*11:01:01	DPB1*13:01:01	DPB1*02:02:01	DPB1*16:01:01	DPB1*14:01:01
1	-0.157365	-0.540432	-0.247842	-0.092508	-0.234105	-0.184477	-0.147182	-0.270198	-0.115165	-0.0694348	-0.0398031	0.550554	-0.202973	-0.463346	0.38175	-0.218827	-0.21088	0.194131	-0.120421	-0.0792143	0.102116	-0.0840923	0.405206	-0.240208	-0.207757	0.557552	-0.243654	-0.405595	-0.256671	0.215188	-0.0394654	-0.109112	-0.0435892	-0.113203	-0.113449	-0.0786585	-0.0773971	-0.0647661	-0.0929084	-0.0970072	-0.0622872	0.0553768	0.154581	0.161361	0.179026	-0.277346	-0.075648	-0.0164832	0.0736323	-0.063403	0.131571	0.0233709	0.00569417	-0.0146246	0.0117927	-0.0414779	-0.0663507	-0.0203789	0.0354295	-0.0142736	0.17998	-0.0107758	-0.291863	0.0855755	0.0337604	-0.00579646	-0.0463363	-0.0455514	0.0243728	0.0464033	-0.031247	-0.0248734	0.147093	0.00359568	-0.0281961	0.00972651	0.00602515	-0.0222291	-0.0111154	-0.0646261	-0.0356302	-0.0104068	0.0153103	-0.0304957	-0.0469887	-0.00535867	0.0929764	-0.00879629	0.00211707	-0.00654961	0.111029	-0.0477824	2.26816e-4	-0.184393	0.0128291	-0.0969165	0.0374784	0.0365378	0.0437608	0.00921432	-0.0295073	0.0152506	0.0134295	0.00840367	-0.0394098	-0.0272804	-0.00138711	-0.0186927	0.0257071	-0.117741	0.0843839	0.0213789	0.0154591	0.0330485	-0.0328807	0.0455342	-0.0224494	0.0334274	0.0606196	-0.0411713	0.0238285	0.0166784	0.0455944	0.0111708	0.0441406	-0.00910275	0.0179598	-0.12218	0.0369976	0.00934844	0.0546433	-0.0253454	0.0534475	0.0109163	-0.127665	0.0088461	0.0403418	0.0231971	-0.0177851	-0.00657603	0.057349	0.0207774	0.0470881	0.0122549	0.00800008	0.0281154	0.0193218	-0.0385037	-0.0906823	-0.0319195	0.0251488	-0.0825282	0.00473343	0.00203557	-0.0107595	0.00107914	0.00604639	-0.00678824	0.0296131	0.00957668	-0.00254285	-8.54795e-4	0.0625109	-0.0135592	0.0258621	-0.00915647	-0.00149794
-0.157365	1	-0.0359779	-0.0317737	-0.0171784	-0.0159049	-0.0249089	-0.0169382	0.0110682	0.00197101	-0.00165545	0.00671656	-0.0848205	0.00677531	0.0043424	-0.0525559	-0.0394056	0.00420717	-0.0323862	-0.023038200000000002	-0.018891	-0.0109345	-0.00244786	-0.0593166	0.00597564	0.813118	-0.0935664	-0.0300608	-0.0180311	-0.0304161	-0.039732	2.22784e-4	-0.0216504	-0.018712	0.00587719	1.22022e-6	-0.00724831	-0.0183734	0.00148433	-0.00395349	-0.00183337	-0.0171234	-0.0345692	-0.0198644	-0.0220609	-0.0239801	0.00812399	0.160412	-0.00988913	-0.0256342	0.00580071	-0.022865	-0.0233496	-0.0170562	-0.0173177	-0.0220008	-0.0202408	-0.0167808	-0.0158498	-0.00275271	0.0585241	-0.0182737	-0.0222163	-0.0237609	-0.0440601	-0.0133153	-0.00709198	-0.0158707	0.0030766	-0.00778912	0.199622	0.0578109	-0.0163016	-0.02943	-0.026888	-0.00618018	-0.0165059	-0.0107231	-0.0173738	-0.0153226	-0.0124015	-0.00777622	-0.00464361	0.00693658	-0.00896527	0.118116	-0.0140846	-7.31385e-5	-0.0132952	0.0320749	0.0749426	-0.0555941	-0.00515405	0.0272569	-0.00280355	-0.0128124	0.0010723	7.08013e-5	-0.0137006	-0.0139127	-0.00460913	8.87272e-4	0.00149035	-0.00883206	0.00526233	-0.00302799	0.00693658	0.0114904	-0.00440166	-0.0114329	-0.0228317	-0.0106815	-0.0146608	0.0048842	0.0451798	0.00391106	-0.0172512	-0.00332242	0.00684707	-0.0113375	2.85539e-4	-0.0084074	-0.0162273	-0.0126064	-0.024733	0.00139129	-0.0190895	-0.00258546	-0.0249763	-0.0157943	0.0382919	-0.0204375	-0.00563705	-4.33201e-4	-0.0033213	0.00962249	0.0561104	-0.0134865	-0.0241589	-0.00392659	0.0154487	-0.013239	0.00129693	-0.0157898	-0.0111156	0.00964764	-0.0108253	0.0146994	0.0767816	0.0215677	0.0261949	-0.0321949	0.00346962	0.00439128	0.00190515	0.0160812	0.00970606	-0.0101759	0.0192413	0.00889144	0.00367508	-0.0115265	-0.0192139	0.002486	0.00987616	-0.0129826	-0.0104212	0.0235385
-0.540432	-0.0359779	1	-0.141984	-0.0672568	-0.129355	-0.103098	-0.081444	-0.162957	-0.0635075	-0.0403152	-0.102579	-0.331695	0.356237	0.514649	-0.214184	-0.130396	0.256414	-0.120159	-0.0498806	-0.0485592	-0.0571165	-0.0238801	-0.226734	0.00151139	-0.0747287	-0.33618	-0.133912	0.459544	0.311961	-0.130192	-0.0992502	0.209061	-0.0381088	0.213798	0.193242	0.176485	-0.0503833	-0.0209769	-0.031306	0.134556	0.128385	0.0470325	-0.0895484	-0.15735	-0.130993	0.479085	-0.0625762	-0.0155619	-0.0614938	-0.114338	-0.080875	-0.0113892	-0.0128844	-0.0250578	-0.0390889	-0.0221005	0.106124	0.0735901	-0.0152778	-0.0389546	-0.161114	-0.061748	0.528351	-0.0609896	-0.0437412	-0.00332257	-0.031184	-0.0143939	-0.0372642	-0.0914582	-0.0478983	-0.0560939	-0.080233	0.011896	0.0302617	-0.0368298	0.0247925	-0.0772046	0.018346	-0.037807	0.0124918	-0.0109726	0.011731	-0.0226465	-0.0143947	-0.0210825	-0.0922144	-0.0391456	0.0031641	-0.104961	-0.0746018	0.084326	-0.0206696	0.319234	-0.0174821	0.191057	-0.0384951	-0.0302452	-0.0239638	-0.00403593	-0.00254904	-0.0347836	-0.0150932	-0.026766	-0.0212878	-0.0145196	-0.0299506	-0.0240454	-0.0204259	0.204661	-0.0779317	-0.0517453	-0.0223214	-0.0934936	0.0658047	-0.0328081	-0.0102191	-0.0308579	-0.0687404	-0.0251249	-0.0347124	-0.0268762	-0.0436037	-0.0352522	-0.0444317	-0.0237302	-0.0158278	0.235442	-0.0187606	-0.043844	-0.0396329	-0.0341629	-0.0428182	-0.0355482	0.229132	-0.0681797	-0.0375055	-0.0644541	-0.021793	-0.0391541	-0.0640564	-0.0199455	-0.0423331	-0.0200026	-0.00841025	-0.0269811	-0.0391811	0.00972847	0.136027	0.00988414	-0.0327776	0.141236	0.0157995	-0.0204944	-2.73234e-4	-0.00508526	-0.0282053	-0.0121323	-0.0319754	0.00870286	0.00352213	-0.00461065	-0.0427098	-0.00672944	-0.0151835	0.00135206	-0.0145446
-0.247842	-0.0317737	-0.141984	1	-0.0257557	-0.0678314	-0.0489959	-0.0380582	-0.0684539	-0.0239448	-0.00947565	-0.0355694	-0.156052	-0.0557579	-0.1294	-0.108314	0.920913	-0.0511261	-0.0460212	-0.0537615	-0.0215128	-0.0359066	-0.0174641	-0.107058	-0.0734303	-0.047111599999999997	-0.114378	0.963526	-0.101691	-0.0722402	-0.0450055	-0.0427766	-0.0261611	-0.0420438	-0.0363691	-0.0211839	-0.0357056	-0.0135892	-0.0323457	-0.016788	0.00739552	-0.0149833	-0.075952	-0.0446331	-0.0456865	-0.0275708	-0.0668453	0.192651	-0.0154589	-0.0518012	-0.0491068	-0.021929	0.0249802	0.0161695	0.0625891	0.0360808	0.123567	-0.0265985	-0.0209155	-0.027062	0.0658601	-0.0531989	0.218065	-0.0757442	-0.0140766	-0.0359336	-0.0229234	0.139751	-0.00508609	0.0140753	-0.0224028	-0.0149434	-0.041478	-0.049665	0.0272858	-0.00683801	0.0358765	-0.012783	-0.0314607	0.0230825	-0.00721134	-0.00623152	0.0201497	-0.021853	1.67944e-4	-0.00557069	0.00496935	-0.0243476	0.0923672	0.00313164	-0.0253887	-0.0107718	-0.0128668	-0.00134145	-0.0499491	0.0532227	-0.0358598	0.0193926	-0.0136326	-0.00382227	-0.0041383	0.0415973	0.00121392	0.00529837	0.0139905	-0.0189596	-0.0182841	0.0147329	0.111253	-0.0119389	-0.0164691	-0.0313343	0.0993129	-0.00418636	-0.00475198	-0.00604902	-1.39323e-4	0.0455793	-0.00221236	0.0193021	-0.0153513	0.00669813	0.0138291	0.0252756	0.0114802	-0.0286377	0.0617228	-0.0232579	-0.0333213	6.47859e-4	-0.00699088	0.0119773	-0.00548148	-0.00179339	0.0352359	-0.0516232	-0.0115998	0.00412361	-0.0085734	0.0468773	0.0576884	-0.00494736	-0.00699278	0.0132805	0.00709298	0.0110264	0.0173357	-3.76092e-4	-0.0211221	-0.0149638	0.00436514	-0.00839765	-0.0288353	0.0112239	0.0270947	-0.00422147	0.0216234	-0.0060768	-0.0237918	0.00559834	1.53967e-4	0.00877855	-0.00717526	-0.0122253	-0.0220866	0.0124644	0.0198804	0.00647529
-0.092508	-0.0171784	-0.0672568	-0.0257557	1	-0.0267525	-0.0152568	-0.0151635	-0.0186217	-0.0130969	-0.00659608	-0.0143112	-0.0593056	-0.0307844	-0.052552	-0.0329686	-0.0224571	0.447553	-0.0297039	-0.0179053	-0.00448853	-0.00760204	-0.00701281	-0.061894	-0.0142056	-0.0225967	-0.0448533	-0.0267028	-0.048627	-0.0330174	-0.0313503	-0.0154527	-0.0236369	-0.0167515	-0.0209369	-0.0222779	-0.0177113	-0.00914374	0.00551561	-0.0162142	-0.00672687	6.03488e-4	-0.0309473	-0.0177832	-0.043498	-0.0318204	-0.05459	-0.0214028	-0.0207279	-0.0130915	0.272473	-0.0183782	-0.0175468	0.00669998	-0.013576	-0.0113195	-0.0170818	-0.00700029	-0.0115505	-0.0119394	-4.46821e-4	-0.0452941	-0.0117952	-0.0491666	-0.0117353	-0.0199528	-0.0185797	-0.0211008	-0.0120317	-0.0306837	-0.0136463	-0.00493306	0.519725	-0.0248584	9.79634e-4	-0.00282508	0.0232793	0.00511682	-0.00675835	-0.015401	-0.0236408	-0.00536779	0.0120411	-0.0143947	-0.00480776	-0.0238578	0.00317123	-0.0453062	6.6248e-4	0.0134514	0.133835	-0.0184197	-0.013532	0.0294466	-0.0284885	-0.0334115	-0.016953	0.00581364	-0.00251266	-0.00460021	-0.00546323	-0.0101455	-0.0134672	-0.00633069	-0.0137761	-0.00760952	-0.0143947	4.38112e-4	-0.00529113	-0.0201458	-0.0470683	-0.0358762	-0.0269917	-0.0168401	0.0634025	-0.00773123	-0.0109514	-0.0129544	-0.0141464	-0.0124234	-0.00273192	-0.0143947	-0.0125037	-0.0187201	-0.00941967	-0.0288904	-0.0256061	0.00838153	-0.0341819	-0.0144826	0.0617278	7.86144e-4	-0.0117629	-0.0181486	-0.0160603	-0.018374	0.133393	-0.017818	0.0126378	-0.00759282	-0.00842518	-0.0140617	0.012191	-0.0129294	0.0108925	0.00678862	-0.00776056	-0.0191119	0.072184	-0.0170974	-0.0110534	-0.0305014	-0.0192296	0.0206109	-0.00156038	0.01122	-0.00946138	0.00584205	0.147569	-0.00428824	0.00767737	-0.00892362	-0.0172008	0.0139345	0.00636942	-0.017277	-4.78309e-5	-6.96689e-4
-0.234105	-0.0159049	-0.129355	-0.0678314	-0.0267525	1	-0.0371357	-0.0378405	-0.0778966	-0.0309458	-0.0187353	-0.0485062	-0.175366	-0.0584888	0.467325	-0.0782039	-0.0640485	-0.0571125	-0.0427586	-0.0406843	-0.0118779	-0.0247268	-0.0127575	-0.081041	-0.0734351	-0.0375734	-0.181694	-0.0661936	0.426639	0.266441	-0.0413848	-0.0366283	-0.0426801	-0.0418034	-0.0450893	-0.0263216	-0.0349827	-0.00862742	-0.0152499	-0.0194499	-0.0154165	-0.0276474	0.0551502	-0.0413179	-0.00347473	-0.0671723	-0.0347745	-0.0282923	-0.0301491	-0.028739	0.301211	-0.040565	-0.0156413	-0.0208412	-0.0231388	-0.00518729	-0.0149343	-0.0164012	-0.0182428	-0.0198773	-0.0260232	0.00261133	-0.0217662	-0.0366471	-0.0204111	-0.0212655	-0.0323525	-0.00271682	-0.011365	-0.0252216	-0.0471884	0.00464461	0.00939233	-0.0666093	-0.0319012	-0.0141765	-0.00838035	-0.0078004	0.298966	-0.00877784	0.224738	-0.00451371	0.00733379	0.0016791	-0.0116665	-0.00460723	-0.0323941	0.034133	-0.0220834	-0.0157464	0.0865213	-0.0435371	-0.018907	0.0117986	-0.0236072	-0.00206397	-0.0188177	-0.00961391	-0.00412626	-0.0204919	-0.0402039	0.00302534	-0.0158213	-0.0107098	-0.00380575	-0.0141704	0.0731211	-0.00328743	-0.00546951	0.00127132	-0.013056	0.0300607	-0.0123365	-0.0034144	0.0603946	-0.0214612	0.00657063	6.57761e-4	-0.0160709	-0.0165957	-0.019847	0.0129594	-0.00332417	-0.0181975	-0.0271177	0.0251835	0.00555331	0.00647114	-0.0168316	-0.00189249	-0.0206582	-0.0313918	0.139539	-0.00101232	0.00487238	-0.0144738	-0.0259264	0.0145269	0.0828979	0.00934552	-2.98736e-5	0.0142933	-0.016696	-0.0227171	-0.00598552	4.88415e-4	-0.00830898	0.00548576	-0.00369011	-0.00972813	-0.00488291	0.022909	2.51036e-4	-0.0250525	0.028084	-0.00221077	-0.00539714	-0.0314278	0.00340161	9.69078e-4	-0.00781663	0.00840291	0.017123	-0.0267147	0.039091	-0.00906206	-0.0113606	0.00139856
-0.184477	-0.0249089	-0.103098	-0.0489959	-0.0152568	-0.0371357	1	-0.0288363	-0.0540351	-0.0156293	-0.0189918	-0.0298113	-0.116948	-0.0415722	-0.0851719	-0.0767337	-0.051097	-0.0355325	-0.0371706	0.617213	0.433229	-0.0235063	0.388403	-0.0852334	-0.0509776	-0.0364023	-0.10651	-0.0502307	-0.0680918	-0.0561979	-0.0394345	-0.0282432	-0.0332119	0.32764	-0.0248647	-0.0177805	-0.0220713	0.430233	0.327016	0.391329	-8.9976e-4	-0.0113348	-0.0497142	-0.0299632	-0.0589476	-0.06119	-0.0126438	-0.029307	0.127262	0.108074	0.0318035	-0.0336368	-0.0333806	0.0255336	0.0373528	-0.00422597	-0.0153158	-0.0255101	-0.025092	0.0128052	-0.0228003	-0.0563153	-0.025798	-0.0603991	-0.0187264	0.138912	0.156362	-0.011603	-0.0133008	0.014854	-0.0173251	0.173234	-0.0207002	-0.0557014	0.0109197	-0.00458238	-0.00320102	-0.0269539	-0.0201489	-0.00874421	0.00116464	0.0255574	-0.0300254	-0.00368947	0.00605276	0.101681	0.134869	-0.043266400000000003	-0.0125171	-0.031716	0.00847131	-0.00966707	-0.00275719	-0.0122564	-0.0231771	-0.0384771	-0.0285631	-0.00424871	0.0026259	-0.0165085	0.0167028	-0.01586	-0.0077023	0.018675	0.00291137	0.204167	0.00578447	0.108052	0.0141951	-0.028058	-0.0364654	-0.0343072	-0.0433651	-0.0154806	0.00422471	-0.00330507	-0.0162072	-0.0170127	-0.0121584	0.00498967	0.223682	-0.00368947	0.0276069	0.0183868	0.115064	-0.020548	0.036925	-0.0084172	-0.0243747	-0.0117501	0.0105873	-0.0359363	0.00150763	-0.0303606	-0.00968474	-0.0253863	0.00976552	-0.0101126	3.81232e-4	-0.00811935	-0.00792244	-0.0290358	-0.0161241	0.020286	0.0275923	-0.00924469	0.00242528	-0.0117022	0.00731869	-0.00828848	0.00239118	-0.00318638	-0.012073	-0.0199761	-0.0111023	0.063748	-0.0115243	0.103878	-0.00417809	-0.00441609	-0.00355564	-0.0145025	0.0150669	-0.00708793	0.0081061	-0.00945585	-0.00359217	-0.0229886
-0.147182	-0.0169382	-0.081444	-0.0380582	-0.0151635	-0.0378405	-0.0288363	1	0.274492	-0.0176575	-0.0111524	0.0284025	0.0283669	-0.0311698	-0.0690522	-0.00550251	-0.0356677	-0.0309988	0.00703801	-0.0193691	-0.0127209	-0.0144068	-0.0111116	-0.00500717	-0.0414388	0.529021	0.00311764	-0.0371879	-0.0639921	-0.0318422	-0.00123845	0.00577284	-0.0177795	-0.0126004	-0.0193411	-0.0167573	-0.0133224	-0.0123723	-0.0124858	-0.0164473	-0.0112163	-0.0115306	-0.0232784	-0.0039626	-0.0145802	-0.00126427	-0.0425294	0.101026	-0.0169195	-0.00957988	-0.0283316	0.00480619	0.00251381	-0.00491384	-0.00396971	-0.0106673	-0.0169742	-0.00965685	-0.0128286	0.00411065	0.0977135	-0.0109898	-0.00277844	-0.0508908	-0.00819654	-0.0168874	-0.00994054	-0.0194925	-0.0140093	0.0138842	0.149377	0.0225601	-0.00680958	-0.00918721	-0.014516	0.00664475	0.00192645	-0.00631858	-0.0251094	0.00591342	-0.010743	0.00112431	-0.00605357	-0.0108276	-0.0164027	0.0172604	0.00130856	-0.0158072	0.00482018	0.00856086	0.0649329	-0.0112524	0.00214293	-0.0160912	-0.0139551	0.00144522	-0.0162595	-0.00464972	-0.00452847	-0.0120085	-0.00149724	-0.00885498	-0.00379194	-0.0110236	-0.0149165	-0.0116541	0.0238758	-0.0115925	-0.016537	0.00153868	-0.0107189	-0.0116877	0.00134587	-0.00940113	0.0180803	-0.0117154	-0.0139472	-0.0108605	-0.00615712	-0.026221	-0.0124577	7.4018e-4	-0.00285137	-0.0179861	-0.00744492	-0.00791764	0.00257277	-0.00724715	-0.0221939	-0.0082931	0.0372052	-0.0214762	-0.017726	-0.00604605	-0.00234178	-0.0119074	0.0602443	-0.0140451	-0.00847056	-0.0134664	0.00319238	-0.0112881	-0.00866603	-0.0145171	0.00183791	-0.0120768	-0.0102239	0.00276403	0.0185398	-6.51246e-4	0.023600200000000002	-0.0191418	-0.00386105	2.42485e-5	-0.0061599	-0.00322253	-0.0107091	-0.0145184	0.0206078	-0.0107083	-0.0116566	0.00786956	-0.0129383	0.0125001	0.0304796	-0.0129956	-0.0117763	0.0280212
-0.270198	0.0110682	-0.162957	-0.0684539	-0.0186217	-0.0778966	-0.0540351	0.274492	1	-0.0376597	-0.023722	-0.0263044	-0.0477203	-0.0327705	-0.097602	-0.101641	-0.0749949	-0.0372974	-0.0380281	-0.0423503	-0.0165599	-0.0142632	-0.0277052	-0.103595	0.735318	0.160822	-0.106065	-0.0590778	-0.125584	-0.0813631	-0.0575358	-0.0405445	-0.0266026	-0.0426991	-0.0267587	-0.0168513	-0.036271	-0.0231949	-0.0171066	-0.0170885	-0.0240169	-0.0254551	-0.073645	-0.0305955	0.0917271	-0.0289801	-0.0879108	0.0415507	-0.0457347	-0.0177443	-0.0187058	-0.0299745	-5.07854e-4	-0.00242676	-0.0105203	0.0510619	0.0643657	0.024296	-0.00937168	-0.00205344	0.0180854	0.0467188	-0.016813	-0.0828471	0.0196162	-0.0157772	-0.0185852	0.0635474	0.15822	0.0259037	0.0159029	0.00465349	-0.00262852	-0.0288693	-0.0225761	0.0327487	-0.00832484	-0.0235962	-0.0236783	-3.93239e-4	0.0102507	0.0440109	0.0446562	-0.0149664	-0.0337889	0.0075111	-0.00913725	0.0295195	0.0332696	0.0124169	-0.0105947	-0.0150922	-0.0131047	0.0227264	-0.0443588	0.00453332	-0.0339149	-0.0128405	0.0131087	-0.00163163	0.0122249	0.0289639	0.0122142	0.0053380500000000004	0.0296695	9.41713e-4	0.0248633	-0.0291228	-0.0227437	0.0217975	-0.00676171	0.0305618	0.011375	0.023619	-0.0187459	-0.0095293	-0.0138233	0.0238591	0.0170615	0.0101373	0.00211491	0.00675886	0.0048355	-0.0165742	-0.0157505	0.019288	-0.00811685	0.0219717	-0.0424048	-0.0104309	-0.00371566	0.00579028	-0.00565418	0.0104705	0.0203953	-0.0378581	-0.00447182	0.00213882	-0.00143131	0.0172395	0.0274713	0.0320807	0.00737962	-0.0083559	-0.00340132	-0.00512616	-0.00975748	0.0280343	-0.0054194000000000004	-0.011223	0.00828316	0.0342291	-0.02825	-0.0113778	-0.00360575	-0.0118118	-0.00859488	0.00990429	-0.0132242	-0.0105438	-0.0196921	0.00571497	0.0170232	-0.0303421	-0.00288281	6.77482e-4	-0.00655299	0.00918921
-0.115165	0.00197101	-0.0635075	-0.0239448	-0.0130969	-0.0309458	-0.0156293	-0.0176575	-0.0376597	1	-0.0172651	0.569946	-0.0746527	-0.0154416	-0.0571524	-0.0442702	-0.0244672	-0.0224168	-0.0216266	-0.0122986	-0.0142274	-0.00197479	-0.010374	-0.047252	-0.034524	-0.00770762	-0.0586914	-0.0220031	-0.046801	-0.0383661	-0.022962	0.589081	1.85686e-4	0.031927	-0.0215368	-0.0162691	-0.00844313	-0.012726	-0.0193294	-0.0254621	0.00424191	-0.0108407	-0.032442	-0.020708	-0.0208172	0.104816	-0.0444474	-0.00893754	-0.026772	-0.0230998	-0.0219177	0.00320667	0.024443	0.00719781	0.0484752	-0.0192697	-0.0117999	0.00419745	-0.0092397	-0.00996357	0.0107837	-0.00474074	-0.0143503	-0.0385867	-0.0140456	-0.021411	-0.0193285	-0.0174699	0.0131203	-0.00450349	-0.00228732	-0.00952229	-0.00160928	0.0982648	0.0235751	0.00522558	0.041914	0.00980514	-0.0056761	-0.0146991	-0.0139192	0.0135762	-0.0116038	-0.0093073	-0.0204071	-0.00963069	-0.0275199	-0.0140762	0.00101155	-0.00768128	-0.00312453	0.0156099	0.00438961	-0.00999907	-0.0300198	0.0194175	-0.017797	-0.0152356	-0.00259252	-0.00499247	0.0277133	0.0257807	0.104159	-0.00241538	0.00354613	-0.0180418	0.00560266	-0.010973	-0.00111821	0.0195706	-0.00787051	-0.0187129	0.0202144	0.0290527	-0.0113691	0.00947146	-0.0138848	0.0333451	0.00785999	-0.0114722	-0.0192859	0.00560266	-0.0176012	-0.00957153	-0.0131237	-0.00770594	0.00788477	0.00546627	-0.0135006	-0.0156965	-8.54181e-4	0.03062	0.0224771	-0.0028356	-0.00924567	-0.0194711	0.00255763	-0.015244	0.00496676	0.0356173	0.0131175	-0.00128215	0.0194806	-5.22203e-5	-0.00694971	-0.0119956	0.0165037	0.0168782	-0.0143869	-0.018445	0.0214643	-0.00321479	-0.00509311	-0.00623567	-0.00870289	-0.0211349	0.0140743	-0.00588241	-0.00538983	0.0100043	-0.0112483	-0.0124883	-0.0137639	-8.56304e-5	0.00768535	-0.00784326	0.0229719	0.010345
-0.0694348	-0.00165545	-0.0403152	-0.00947565	-0.00659608	-0.0187353	-0.0189918	-0.0111524	-0.023722	-0.0172651	1	0.361725	-0.0424974	-0.00817159	-0.0324474	-0.0328842	-0.00700371	-0.0229349	-0.0160454	-0.0187207	-0.0124382	-0.00602556	-3.45163e-5	-0.0340991	-0.0237342	-0.00732374	-0.0285847	-0.0116793	-0.0248923	-0.0268008	-0.0169958	0.348845	0.00459215	-0.00212256	-0.00557924	-0.0163849	-0.0130263	-0.0120974	-0.0122083	-0.0160818	4.56494e-4	-0.0112744	-0.0227611	-0.0130791	-0.0240226	-0.0125721	-0.0180553	-0.0204141	0.268559	-0.017733	-0.0118995	-0.0102641	-0.011097600000000001	-0.00378141	0.0180482	-0.0224617	-0.0165969	-0.0140007	-0.0187461	-0.0136474	-0.0142918	-0.0227889	-0.0181565	-0.0161722	-0.0240198	-0.00814422	-0.00386497	-0.0190593	-0.013698	0.00587953	-0.00575674	-0.0133934	3.55955e-4	-0.021303	-0.0134631	-0.00261566	0.00262989	0.00283255	-0.015274	-0.00242719	0.0185922	0.00161016	-0.00553625	-0.010587	0.49011	-0.0103492	-0.00144519	-0.0110247	-0.0132616	-0.0204295	0.0916404	-0.00648348	0.011543	-0.0157336	-0.0119151	-0.017877	-0.0111647	0.010199	-0.0209392	-0.0107346	-0.00848378	-0.0142674	-0.00308045	-0.0107786	-0.0061344	0.0216167	-0.010587	-2.73882e-4	-6.35966e-4	0.00224636	-0.0238406	-0.0154498	-0.0147751	-0.0227749	0.0322946	-0.011455	-0.0161562	-0.00452728	-0.0167796	-0.0254488	0.00712207	-0.010587	-0.00959812	-0.0175864	0.00659625	0.00325282	-0.00948268	-0.0229298	-0.0208005	-0.0116183	0.0447233	-0.0194963	-0.0169069	-0.0109292	0.00975731	0.0172804	0.0913654	-0.00700064	3.51745e-5	-0.0128808	-0.0176266	-0.0178658	-2.21029e-4	-0.0141945	-0.00606477	-0.0118084	-0.0197865	0.00363572	0.0526573	0.0067958	0.0423376	-0.0104185	0.0197867	-0.00318416	-0.0189467	-0.0145333	1.15706e-4	-0.0141958	-0.00514574	-0.00996081	-0.0113975	0.00858913	-0.00271193	0.0138359	-0.0106795	-0.00297145	-6.22196e-4	-0.0142931
-0.0398031	0.00671656	-0.102579	-0.0355694	-0.0143112	-0.0485062	-0.0298113	0.0284025	-0.0263044	0.569946	0.361725	1	-0.104603	-0.0328533	-0.0972627	-0.0665404	-0.0299498	-0.0372048	-0.0421801	-0.0304861	-0.0216619	-0.0130165	-0.00328608	-0.0697517	-0.0474569	0.0224187	-0.0791471	-0.034175	-0.0818454	-0.0594607	-0.0428909	0.878468	-0.00475282	0.0125372	-0.0247982	-0.0223156	-0.0183476	-0.0196548	-0.0239595	-0.0369942	-0.0069115	-0.0214783	-0.0500731	-0.0185146	-0.0383724	0.0632469	-0.063272	-0.0135455	0.098331	0.00212637	-0.0178912	-0.0197771	0.00975118	0.0352762	0.0310006	-0.00916691	-0.0105629	-0.012196	0.00106613	-0.0202886	-0.00809179	-0.0244901	-0.0220318	-0.0580685	-0.00785896	0.0218513	-0.0233292	-0.0169132	0.00906478	-0.00597913	-0.0116148	-0.0159527	-0.0100867	0.0595996	0.0145609	0.00303028	0.0835304	-0.00898222	-0.0191498	-0.0108101	0.0119242	2.25156e-4	-0.0188714	-6.53665e-4	0.207213	-0.00285625	0.0198361	-0.026797	7.54431e-4	0.00807158	0.029413	-0.00688961	0.00141154	-0.00774925	-0.0253673	0.00405836	-0.0289638	-0.00190009	-0.0100703	-0.00214887	0.0336827	0.0121508	0.0724935	-0.0108223	3.23884e-4	-0.00856901	-0.0101338	-0.0172068	0.00639125	0.0137951	-0.0269149	-0.0320812	0.00956893	0.0116905	0.00228014	-0.0131854	-0.0121558	0.0160597	-0.0103133	-0.0196484	-0.016414	0.00882651	0.00262119	-0.00560021	0.0104771	-0.0115166	0.00808509	-0.00848216	-0.0276962	-0.0140616	0.0171999	0.00957066	0.00524704	-0.0123672	-0.0140563	-0.0155011	0.0388659	-0.022511	0.00494635	0.0159439	0.0145209	-0.0182044	0.0106593	-0.0148322	0.00766059	-0.0229034	0.00750884	0.0163475	0.00503822	-0.00533232	0.0491992	-0.0235961	-0.00780105	-0.00136233	-0.0056723	-0.0108295	0.0182459	0.0025133	-0.00731142	-0.00289504	-0.0132529	-0.00694974	-0.0012131	0.00171232	-0.012426	-0.0136205	0.0128089	-0.00841865
0.550554	-0.0848205	-0.331695	-0.156052	-0.0593056	-0.175366	-0.116948	0.0283669	-0.0477203	-0.0746527	-0.0424974	-0.104603	1	-0.144987	-0.308501	-0.233126	-0.134732	-0.131787	-0.118863	-0.0937579	-0.0534063	-0.0605658	-0.0545352	-0.246714	-0.0617608	-0.0549995	0.84606	-0.147672	-0.27592	-0.168188	-0.122245	-0.108699	-0.075961	-0.0226624	-0.0823608	-0.0842041	-0.0382817	-0.0513358	-0.0779447	-0.0685545	-0.0654569	-0.02872	0.137539	0.196859	-0.00114043	0.254184	-0.164654	-0.069048	-0.0600237	0.115934	-0.0411809	-0.0871075	0.0518913	0.012368	0.00202273	0.0508601	-0.0082533	-0.0404713	-6.008e-4	0.0516485	-0.00689032	0.00367468	-0.0565133	-0.174812	0.120822	0.0652328	-0.0671628	-0.018753	-0.0208501	0.0445739	-0.0703693	-0.0121989	4.23651e-4	0.26248	0.0289487	-0.00717655	0.0264991	0.0217297	-0.00407018	-0.0397537	-0.0481126	-0.0334489	-0.00106342	-0.0226452	-0.0136729	-0.030029	-0.00594322	0.00333529	0.0178625	0.0256304	-0.0387651	0.164459	-0.0482677	-0.00566103	-0.127539	-0.0235818	-0.0559826	0.016484	0.0326091	0.0474557	0.00840301	-0.0129863	0.0201241	7.30019e-4	0.0314426	-0.0369346	-0.0120428	0.00847494	-0.0214835	0.032269	-0.0909793	0.00527213	-0.00380787	0.0144453	-0.0213597	-0.00171622	0.0463017	-0.00302463	0.00731628	0.0437181	-0.0372279	0.0339009	0.024873	0.0570315	0.0283561	-0.00577048	-0.0123789	0.0549245	-0.0762048	0.0393034	-0.0230423	0.0984079	-0.00262718	0.00403847	-0.0199883	-0.0781423	-0.00832473	7.65116e-4	0.0169086	-0.00703637	-0.0128776	0.00485707	0.0229639	-0.00803031	0.0219708	0.0133763	0.0308754	0.0322226	-0.0434751	-0.0616417	-0.0179147	0.0539669	-0.0640177	-0.00792956	0.0142193	-0.0197194	0.00954954	0.00364458	-0.0172113	0.0116196	0.0150852	0.00688873	-0.00207911	-0.0208926	0.00483566	-0.00896792	-0.00592033	0.00729974
-0.202973	0.00677531	0.356237	-0.0557579	-0.0307844	-0.0584888	-0.0415722	-0.0311698	-0.0327705	-0.0154416	-0.00817159	-0.0328533	-0.144987	1	-0.108985	-0.0636194	-0.0489911	-0.0465259	-0.0513391	-0.0468671	-0.0123178	-0.0237183	0.00468286	-0.0676385	-0.0219935	-0.0108151	-0.136796	-0.0525596	-0.110642	-0.0309176	-0.0556694	-0.0353551	0.510893	0.00516835	0.594319	-0.0160024	0.0042362500000000004	-0.00741574	-0.034121	-0.0449468	-0.0269548	-0.0207157	-8.65992e-4	-0.0365547	-0.054492	-0.0183583	-0.0461205	-0.0250132	-0.0113957	-0.0320992	-0.0352019	-0.0275892	0.0732294	0.00286347	-0.0120478	-1.92789e-4	-0.00179643	0.318365	-0.00832458	-0.0202116	-0.0113596	-0.0553325	-0.0289901	-0.0651467	-0.00817969	-0.0355299	-0.0268009	0.00543293	-0.00254937	-0.00904261	-0.0306551	-0.0194414	-0.0196986	-0.0176908	0.0499734	0.15213	-0.0211797	0.0798125	-0.0396171	0.129238	-0.00900719	0.074324200000000007	-0.00873885	0.0507721	0.0165998	0.0418013	-0.0100618	0.0110955	0.0027915	0.044059	-0.00634238	-0.0353204	0.0943999	-0.00315009	-0.0380615	0.0286208	-0.027878	0.00667907	-0.00460876	0.0102043	0.00456263	0.00657415	0.00942812	-4.42473e-5	0.00572767	-0.0104816	-0.0104558	-0.00662293	-0.0100034	-0.00551857	-0.0282116	0.00719707	0.0179336	0.0613422	-0.00550529	-0.0178439	-0.00123918	0.00927625	-0.00710907	-0.00150004	3.13182e-4	-0.00662902	-0.0187066	-0.0163231	-0.0145164	-0.00354694	0.0246757	-0.00333529	-0.0434136	0.00446863	-0.00221874	0.00643253	-0.011295	0.0249648	-0.00468416	-0.0190886	0.0154118	-0.00760793	-0.0238211	-0.0117785	0.00221311	-0.00603714	0.0012436	-0.0137759	0.00914183	0.00827018	0.0537701	-0.00351898	6.11338e-4	-0.0268505	0.0270929	-0.0254567	-0.0240898	0.035478	0.0213777	-0.0162592	-0.0118814	0.00291302	0.0156378	0.00387992	0.00652579	-0.0135194	-0.0160591	-0.00671905	0.00318994	-0.0134603	0.0206928	0.00801097
-0.463346	0.0043424	0.514649	-0.1294	-0.052552	0.467325	-0.0851719	-0.0690522	-0.097602	-0.0571524	-0.0324474	-0.0972627	-0.308501	-0.108985	1	-0.187273	-0.117545	-0.105489	-0.099183	-0.0704342	-0.0483292	-0.0405209	-0.0288095	-0.198193	-0.0703586	-0.0329331	-0.320727	-0.125741	0.818879	0.487519	-0.101487	-0.0811719	-0.0684612	-0.0766587	-0.0785855	-0.0640059	-0.0436458	-0.0441904	-0.0202242	-0.0342482	-0.0311177	-0.0453914	0.102205	-0.0766987	-0.106754	-0.133948	0.525976	-0.0573233	-0.0698259	-0.0897635	0.0937239	-0.0779383	-0.0545339	-0.0654789	-0.0558673	-0.0472189	-0.0252925	-0.0555515	-0.0402706	-0.0430769	-0.062532	-0.103629	-0.0496389	0.590039	-0.0731451	-0.0717463	-0.0599995	-0.0178193	-0.0108592	-0.0663777	-0.0724116	-0.0193654	-0.0302795	-0.125476	-0.0717332	-0.0429886	-0.0343858	-0.0246483	0.122665	-0.0441211	0.0939223	-0.0187843	-0.0242028	-0.00333314	-0.0337943	-0.0385669	-0.060242	-0.0687967	-0.0355184	-0.0490191	-0.0288825	-0.096133	-0.0395162	-0.0147252	0.361302	-0.0396036	0.225528	-0.0539514	-0.0452087	-0.0608576	-0.0365468	-0.0103208	-0.0357135	-0.0135308	-0.0313103	-0.0259519	0.0326798	-0.023456	-0.0161419	-0.0105432	0.25223	-0.0600227	-0.0699443	-0.0730137	-0.0426087	0.0864208	-0.0428259	-0.017241	-0.065471	-0.0937719	-0.0366719	-0.025341	-0.0290133	-0.0542661	-0.0554558	-0.0201514	-0.0333914	-0.0281763	0.283618	-0.0347734	-0.0442435	-0.0705461	0.0461235	-0.0550888	-0.022884	0.271811	-0.0808101	-0.0196553	0.00264523	-0.00461176	-0.0375187	-0.0520628	-0.0485134	-0.0421683	-0.04529	-0.0193818	-0.0741455	-0.0202102	0.0278189	0.182951	-0.019177	0.00510499	0.17327	-0.0185191	-0.0142416	-0.0147953	-2.98455e-4	-0.0472673	-0.0109337	-0.0288756	-0.0013685	0.0142603	0.00527613	-0.0538977	-1.23234e-4	-0.00836658	-0.0105974	-0.0186629
0.38175	-0.0525559	-0.214184	-0.108314	-0.0329686	-0.0782039	-0.0767337	-0.00550251	-0.101641	-0.0442702	-0.0328842	-0.0665404	-0.233126	-0.0636194	-0.187273	1	-0.0961009	-0.0901112	-0.0675647	-0.061407	-0.0333858	-0.0348127	-0.0384566	0.901807	-0.110004	-0.0457716	-0.174044	-0.118479	-0.146836	-0.138366	-0.0701158	-0.0888381	-0.0238204	-0.0657426	-0.0288309	-0.033665	-0.0540332	-0.0339293	-0.00333616	-0.0305292	-0.026496	-0.0312162	-0.118029	-0.0466678	0.272764	-0.0747367	-0.134071	0.0412971	0.0626445	-0.0211772	-0.0268809	-0.05912	2.97612e-4	-0.0128626	-0.0164134	-0.020544	-0.0272493	-0.0183335	-0.0143302	-0.0099496	0.00863637	0.285141	0.0738275	-0.138006	-0.00479657	-0.0257257	0.0772873	-0.0290566	-0.00123054	-0.00170966	-0.0614162	-0.0195157	-0.0109491	-0.0759288	-0.0151504	-0.0112548	-0.0277179	-0.0165213	-0.0187226	-0.0170608	-0.0279375	-0.0117539	0.00633853	-0.0115035	-0.0127329	-0.033097	-0.00313891	0.155889	-0.0193718	-0.0132798	-0.0420985	-0.0188097	-0.00792702	0.00129797	-0.0963603	0.0730552	-0.0416247	0.023875	0.0206429	-0.0100363	-0.00162014	-0.0178796	0.00191268	0.0262433	-0.0219844	-0.010125	-0.0138714	-0.00954089	-0.00385308	-0.00560207	-0.0214345	0.138157	0.0644268	0.0145111	0.0291856	-0.0216647	-0.00857524	-0.0196051	0.0168902	0.0355721	-0.0128163	0.00507156	0.0269755	0.0106272	0.0110097	0.0838493	0.0355563	-0.0294839	-0.0521764	-0.018526	-0.0290008	-0.00470572	-0.00827112	0.0753715	0.0510823	-0.0668606	-0.0103212	0.0630337	0.0108891	-0.0115547	0.021771	0.0862188	0.00310364	0.082714	-0.00761552	0.00722077	0.00278981	-0.012034	-0.0411845	-0.0448281	-0.0203256	0.0168566	-0.0329916	0.0273258	-0.0118184	0.0167527	-4.15503e-4	-0.0142606	-0.00711094	0.0333294	-0.0241156	-0.00215118	-0.00978956	-0.0180386	-0.0052488	-0.0171186	-0.00255173	0.0092655499999999991
-0.218827	-0.0394056	-0.130396	0.920913	-0.0224571	-0.0640485	-0.051097	-0.0356677	-0.0749949	-0.0244672	-0.00700371	-0.0299498	-0.134732	-0.0489911	-0.117545	-0.0961009	1	-0.0454938	-0.0384682	-0.0500623	-0.0213745	-0.0352729	-0.0150401	-0.0994263	-0.0908994	-0.0523039	-0.0960402	0.915644	-0.094965	-0.0693446	-0.0435222	-0.0383058	-0.0222739	-0.039403	-0.0321789	-0.0221565	-0.0358009	-0.0170458	-0.0359244	-0.0131561	0.00996374	-0.0124527	-0.0710649	-0.0418296	-0.0491931	-0.0226115	-0.0645265	0.186536	-0.0168578	-0.0436757	-0.0471668	-0.0249385	0.0355947	0.0197003	0.0690816	0.0355712	0.111748	-0.0242535	-0.0166884	-0.0268428	0.0507282	-0.0502358	0.211005	-0.0720436	-0.0117104	-0.0281277	-0.0205001	0.12853	-0.021483	0.0190677	-0.0278534	-0.0175436	-0.0353343	-0.0410222	0.0382269	-0.00698955	0.0315985	-0.014749	-0.0332029	0.0234713	-0.00977859	-0.00748389	0.0182185	-0.0195145	-0.00332343	-0.00154606	0.00954583	-0.0269601	0.0915594	0.00591166	-0.0309314	-0.00877182	-0.00957354	0.002285	-0.0551464	0.0503197	-0.0295883	0.0215147	-0.0108422	-0.00420937	-0.00275586	0.0446489	-0.00567564	7.65396e-4	0.0123004	-0.0230949	-0.0159283	0.0274854	0.117882	-0.0163378	-0.0165407	-0.0301949	0.0911845	0.00216194	-0.00703263	-0.00675356	2.90133e-4	0.0439293	-0.0144733	0.0117383	-0.0184673	0.005589	0.0223588	0.0294591	0.0213499	-0.0286563	0.0608772	-0.0230996	-0.029132	-6.84511e-4	-0.0102701	0.0218971	-0.00824267	-0.00186365	0.0391508	-0.0426984	-0.0124334	9.12863e-4	-0.0146117	0.0476047	0.0576527	-0.00950642	-0.0105189	0.019319	0.00529321	0.0138065	0.0136691	-0.00494031	-0.014722	-0.0244912	0.00453464	-0.00298423	-0.0308378	0.0210828	0.0152106	-0.0031732	0.0184382	-1.67644e-4	-0.028796	0.0106315	-4.83381e-4	0.0115882	-0.00428895	-0.0181653	-0.0245533	0.0125064	0.0259391	0.00980705
-0.21088	0.00420717	0.256414	-0.0511261	0.447553	-0.0571125	-0.0355325	-0.0309988	-0.0372974	-0.0224168	-0.0229349	-0.0372048	-0.131787	-0.0465259	-0.105489	-0.0901112	-0.0454938	1	-0.0524421	-0.0305735	-0.0178748	-0.023629	-0.00934016	-0.107521	-0.019956	-0.0189756	-0.108437	-0.0523993	-0.106229	-0.0350678	-0.055436	-0.0398978	-0.0177517	-0.00151034	-0.0333069	0.496216	0.379339	-0.017262	-0.0174203	-0.0345718	0.321543	0.322012	-0.0504514	-0.0301762	-0.0599528	-0.0464763	-0.0806932	0.00865479	0.0655436	0.0254431	0.10553	-0.0222678	-0.0260446	0.0328589	0.0130063	-0.0142975	-0.0141888	-0.0158927	0.201839	0.0361758	0.0198166	-0.0660605	-0.024956	-0.0741646	-0.0173083	0.0359763	0.0896109	-0.027098	-0.00853627	0.00618603	-0.0211068	-0.0164073	0.230964	0.036665	0.0399112	-0.00617818	0.00918817	0.00144745	-0.004531	-0.0196381	-0.0229203	-0.0130962	0.0505751	-0.0218356	-0.0166539	-0.0279785	-0.0102042	-0.0366094	-0.015749	0.0322985	0.0504737	-0.00206012	0.132591	0.00688389	-0.0585652	-0.0236186	-0.0251677	0.0155652	0.0419881	0.0383766	0.0142795	-0.0054602	-0.0162451	-0.0113115	-0.002563	1.16905e-4	-0.00285682	-0.0173037	-0.0100403	-0.0220137	-0.0517485	-0.0147414	-0.0162704	0.0313314	0.0298277	-0.0212972	0.0236901	-0.0125429	-0.0146053	-0.00870065	0.00331989	-0.00665257	-0.00910266	0.0185699	-0.00879869	-0.0224539	-0.00946165	0.0514665	-0.0356106	0.0229302	0.019376	0.0429664	0.0184193	-0.0198544	-0.0012599	-0.0422018	0.0655618	-0.0180466	-7.16348e-4	-0.00548237	-0.0165009	-0.0198681	0.0214256	-0.02233	6.68803e-4	0.00470547	0.0279388	-0.0196954	0.0236393	-0.0373282	0.0222573	-0.028317	-0.0241538	0.0207938	-0.0114614	0.00326519	-0.00535853	-3.03788e-5	0.0699986	-0.00195238	-5.31988e-4	-0.00359167	-6.96107e-5	0.00167471	0.0190048	-0.0165691	-0.00753036	-0.00614943
0.194131	-0.0323862	-0.120159	-0.0460212	-0.0297039	-0.0427586	-0.0371706	0.00703801	-0.0380281	-0.0216266	-0.0160454	-0.0421801	-0.118863	-0.0513391	-0.099183	-0.0675647	-0.0384682	-0.0524421	1	-0.020593	-0.0168646	-0.0107531	-0.0166435	-0.0687497	-0.0430732	-0.0248306	-0.125409	-0.0442072	-0.124182	0.0132449	0.912053	-0.041606	-0.029490100000000002	0.0297057	-0.0372339	-0.0343462	-0.00975267	-0.0132656	-0.0207096	-0.0389418	-0.0284708	-0.0213554	0.0423772	-0.0305295	-0.0641018	-0.0540307	-0.083874	-0.0382331	-0.0317705	-0.0240647	-0.036503	0.638101	-0.0303707	-0.0357395	-0.00491076	-0.0253714	-0.021295	-0.0187945	-0.0209759	-0.00913985	-0.0308159	-0.0606282	-0.0291261	-0.0761254	-0.0279786	-0.0279485	-0.0306411	-0.0112287	-0.0191882	-0.0154954	0.509128	0.00149946	-0.0194814	-0.0522324	-0.0426944	0.00281492	-0.00719238	-0.0159719	-0.0281595	-0.0329644	-0.0118501	0.0113065	-0.0215636	0.0019703	-0.0106793	-0.0096949	-0.0187196	-0.0355403	-0.00341068	-0.00587939	0.214034	-0.0282207	-0.00370485	-0.00717854	-0.0483291	-0.0327449	-0.0292548	0.00842029	-0.0395739	0.00129359	-0.0173608	-0.00926531	-0.0197805	0.00509438	-0.0107994	-0.0139194	-0.00644525	-0.00187391	-0.00328411	-0.0141777	-0.0530157	-0.0422479	-0.0326039	-0.0185838	0.130918	-0.0297376	-7.55166e-5	-0.015515	-0.0380218	-0.0277509	-0.0110155	-0.010653	-0.0150847	-0.0147138	-0.0164289	-0.0197677	-0.0217075	-0.0339852	-0.0500355	0.0222077	0.167235	-0.0409233	-0.0344808	-0.0193195	-0.0116886	-0.0201177	0.150798	-0.0172347	-0.0157667	0.00102507	-0.0123118	-0.0209766	-0.0191219	-0.0147023	-0.0258416	0.00716421	-0.00905999	-0.0055463	0.115096	-0.017878	0.00139962	-0.0618757	0.00882166	-0.0189845	0.00850767	-0.00803857	-0.0055101	0.00685466	0.00481076	-0.0229205	0.0164505	0.00183329	-0.0151585	0.248971	-0.0158259	-0.00180899	0.00499155	1.18635e-4
-0.120421	-0.023038200000000002	-0.0498806	-0.0537615	-0.0179053	-0.0406843	0.617213	-0.0193691	-0.0423503	-0.0122986	-0.0187207	-0.0304861	-0.0937579	-0.0468671	-0.0704342	-0.061407	-0.0500623	-0.0305735	-0.020593	1	-0.0157231	-0.0130738	-0.00474623	-0.06662	-0.0427844	-0.0296416	-0.0808707	-0.0529851	-0.0539641	-0.0526346	-0.0201552	-0.032656	-0.0346389	0.475916	-0.026617	-0.0155787	-0.0199206	-0.0129848	0.408828	0.615405	0.00105013	0.00456779	-0.0470484	-0.0242667	-0.0362724	-0.0413911	-0.0224661	-0.0162036	0.00993159	0.16498	-0.032286	-0.0131908	-0.0219199	0.0370625	0.0704475	0.00397495	-0.0127444	-0.0121227	-0.0181666	0.0105867	-0.00798365	-0.0296142	-0.0175813	-0.0442498	0.00991181	0.191493	0.00524789	-0.0180327	-0.0177684	0.0484431	-0.00913309	0.0031901	-0.030097	-0.0400416	0.0404062	-0.00564315	-0.00542318	-0.00881874	-0.023271	0.00117385	-0.00330863	-0.00668904	-0.00816436	-0.00756486	0.0133983	0.0246134	0.186554	-0.0289172	-0.0149567	-0.0197032	-0.020965	0.0178614	-0.0050846	-0.0032857	-0.0407777	-0.0175745	-0.0187351	0.0100071	0.00648713	-0.0131422	0.0553658	-0.004219	-0.00663266	-0.00318252	-0.00962208	0.00400386	0.0130701	0.0139354	0.0122464	-0.0210806	-0.0358544	-0.0202401	-0.0285515	-0.0138976	0.00443448	-0.0106019	-0.00534124	-0.00487958	0.00619179	0.0282993	0.0155959	-0.00240611	0.0572431	0.00914284	0.148474	-0.0139304	8.53319e-4	-0.00172875	-0.0271004	0.00806175	-0.00330258	-0.01713	0.0208403	-0.0212114	-0.0221169	-0.0333857	-0.0135642	-0.015172	0.00363301	0.00935445	-0.0194357	-0.0201956	-0.0176537	0.0117755	0.0319214	0.00212053	-0.0133386	-0.02007	-0.0053035	-0.00802687	-0.00287471	-0.012678	-0.029037	-0.0043153	-0.00586839	0.0932365	-8.36107e-4	0.0303452	-0.0228693	0.0116118	0.00341675	-0.00364261	0.011491	2.27665e-4	0.00159864	-0.0106659	0.00820383	-0.00448554
-0.0792143	-0.018891	-0.0485592	-0.0215128	-0.00448853	-0.0118779	0.433229	-0.0127209	-0.0165599	-0.0142274	-0.0124382	-0.0216619	-0.0534063	-0.0123178	-0.0483292	-0.0333858	-0.0213745	-0.0178748	-0.0168646	-0.0157231	1	-0.00998401	-0.00421905	-0.0345169	0.00445093	-0.0227496	-0.0531502	-0.0255086	-0.0410083	-0.0289718	-0.0178843	-0.0230563	-0.00324345	0.00133965	-0.01654	-0.0128995	-0.00756723	0.901844	-0.0139253	-0.00643704	-0.003888	-0.01286	-0.0130502	-0.0149185	-0.0359562	-0.0331137	0.0296143	-0.0183384	-0.0132904	-0.0241147	0.121029	-0.019709	-0.0109183	-0.0205004	-0.00384461	0.0232532	-0.0189311	-0.0041906	-0.0115947	0.0192814	-0.0163018	-0.031728	-0.00662881	-0.0357696	-0.00130697	-0.0251806	-0.0124037	-0.00145868	-0.0086797	-0.0206602	-0.0264878	0.362348	-0.00219511	-0.0266806	-0.0218397	-0.00683536	-0.0101011	-0.0164685	-0.00554657	-0.00480304	0.0018906	0.050506	-0.00971262	-0.00315162	-0.00635643	0.191839	-0.0160879	-0.0156853	-0.0127812	-0.0167996	0.0464182	-0.0156404	0.00310302	-0.0119961	-0.0189367	-0.0137194	-0.0128786	0.0167233	-6.31157e-4	-0.00370216	-0.0126441	-0.0047354	-0.0145249	0.03155	-0.0102585	0.0534405	0.00577269	0.179072	-0.00672029	-0.0040229	-0.0356013	-0.010741	-0.0161552	0.00481266	0.0115217	-0.00480368	-0.00442815	-0.00742308	-0.0126738	-0.0109737	0.0370944	-0.0120759	-0.00819739	0.0182204	0.0163667	-0.00708097	0.0086865	-0.0136537	-0.023903400000000002	-0.020175	0.0333906	-0.0138401	0.00276978	-0.0125653	-0.00170256	0.00273178	0.0285232	0.00164257	-0.0121281	-0.00232155	-0.0146487	-0.0149906	0.0234869	0.0240707	0.0157531	-0.0134691	0.0109777	0.00126342	0.0470601	-0.00736056	-0.0142186	0.00276202	0.0179218	-0.0153733	-0.0114144	0.0040474	-0.0172704	0.142721	-0.0093238	-0.024729	0.00327356	0.00185752	0.0155738	-0.0105446	0.0226241	-0.0144939	-0.00491343	-0.0163033
